-2.5000 0.0000
-2.5000 1.2500
-2.5000 2.5000
-2.5000 3.7500
-2.5000 5.0000
-2.5000 6.2500
-2.5000 7.5000
-2.5000 8.7500
-2.5000 10.0000
-2.5000 11.2500
-2.5000 12.5000
-2.5000 13.7500
-2.5000 15.0000
-2.5000 16.2500
-2.5000 17.5000
-2.5000 18.7500
-2.5000 20.0000
-2.5000 21.2500
-2.5000 22.5000
-2.5000 23.7500
-2.5000 25.0000
-2.4763 26.6962
-2.3801 28.8145
-2.2101 30.9282
-1.9663 33.0346
-1.6493 35.1312
-1.2592 37.2155
-0.7966 39.2849
-0.2621 41.3369
0.3437 43.3690
1.0200 45.3787
1.7661 47.3636
2.5810 49.3212
3.4637 51.2492
4.4131 53.1452
5.4282 55.0070
6.5076 56.8321
7.6500 58.6185
8.8541 60.3640
10.1184 62.0663
11.4413 63.7235
11.9604 64.3674
12.3192 64.9350
12.6062 65.5422
12.8171 66.1797
12.9487 66.8382
12.9990 67.5079
12.9674 68.1787
12.8542 68.8406
12.6613 69.4838
12.3913 70.0987
12.0485 70.6761
11.6378 71.2075
11.1655 71.6848
10.6385 72.1010
10.0647 72.4499
9.4526 72.7262
8.8115 72.9259
8.1508 73.0460
7.4804 73.0846
6.8102 73.0413
5.7566 72.8622
3.7870 72.5149
1.8174 72.1676
-0.1522 71.8203
-2.1218 71.4730
-4.0914 71.1257
-6.0610 70.7784
-8.0307 70.4311
-10.0003 70.0838
-11.9699 69.7365
-13.9395 69.3892
-15.9091 69.0419
-17.8787 68.6946
-19.8484 68.3474
-21.8180 68.0001
-23.7876 67.6528
-25.7572 67.3055
-27.7268 66.9582
-29.6964 66.6109
-31.6660 66.2636
-32.4716 66.2251
-30.5906 67.0749
-28.7096 67.9246
-26.8286 68.7744
-24.9475 69.6241
-23.0665 70.4739
-21.1855 71.3236
-19.3045 72.1734
-17.4235 73.0231
-15.5424 73.8729
-13.6260 74.5217
-11.6564 74.8689
-9.6868 75.2162
-7.7171 75.5635
-5.7475 75.9108
-3.7779 76.2581
-1.8083 76.6054
0.1613 76.9527
2.1309 77.3000
4.1006 77.6473
5.7064 77.9303
6.9500 78.0703
8.2320 78.0591
9.5030 77.8918
10.7442 77.5708
11.9370 77.1009
13.0637 76.4892
14.1074 75.7447
15.0526 74.8786
15.8852 73.9037
16.5928 72.8347
17.1649 71.6874
17.5928 70.4789
17.8703 69.2272
17.9932 67.9511
17.9596 66.6695
17.7701 65.4016
17.4275 64.1662
16.9369 62.9818
16.3056 61.8660
15.5625 60.8589
14.5591 59.6290
13.3772 58.0831
12.2499 56.4969
11.1787 54.8723
10.1649 53.2114
9.2096 51.5160
8.3141 49.7884
7.4794 48.0306
6.7066 46.2447
5.9965 44.4329
5.3502 42.5974
4.7682 40.7405
4.2515 38.8645
3.8005 36.9715
3.4159 35.0639
3.0981 33.1441
2.8474 31.2144
2.6643 29.2771
2.5489 27.3346
2.5014 25.3892
2.5000 24.2500
2.5000 23.0000
2.5000 21.7500
2.5000 20.5000
2.5000 19.2500
2.5000 18.0000
2.5000 16.7500
2.5000 15.5000
2.5000 14.2500
2.5000 13.0000
2.5000 11.7500
2.5000 10.5000
2.5000 9.2500
2.5000 8.0000
2.5000 6.7500
2.5000 5.5000
2.5000 4.2500
2.5000 3.0000
2.5000 1.7500
2.5000 0.5000
